<?xml version="1.0"?>
<opencv_storage>
<calibration_time>"2021年04月30日 星期五 18时05分00秒"</calibration_time>
<nr_of_frames>24</nr_of_frames>
<image_width>1920</image_width>
<image_height>1080</image_height>
<board_width>9</board_width>
<board_height>6</board_height>
<square_size>50.</square_size>
<fix_aspect_ratio>1.</fix_aspect_ratio>
<!-- flags: +fix_aspectRatio +fix_principal_point +zero_tangent_dist +fix_k4 +fix_k5 -->
<flags>6158</flags>
<fisheye_model>0</fisheye_model>
<camera_matrix type_id="opencv-matrix">
  <rows>3</rows>
  <cols>3</cols>
  <dt>d</dt>
  <data>
    1.8479071092989172e+03 0. 9.5950000000000000e+02 0.
    1.8479071092989172e+03 5.3950000000000000e+02 0. 0. 1.</data></camera_matrix>
<distortion_coefficients type_id="opencv-matrix">
  <rows>5</rows>
  <cols>1</cols>
  <dt>d</dt>
  <data>
    -1.0872194003861408e+00 2.0426924939248936e+00 0. 0.
    -2.2636239383185321e+00</data></distortion_coefficients>
<avg_reprojection_error>1.9365663924360967e+00</avg_reprojection_error>
<per_view_reprojection_errors type_id="opencv-matrix">
  <rows>24</rows>
  <cols>1</cols>
  <dt>f</dt>
  <data>
    4.53584003e+00 4.09614801e+00 1.01958227e+00 1.36570501e+00
    1.89301336e+00 2.45080256e+00 1.41305542e+00 1.12816775e+00
    5.75537026e-01 1.22656536e+00 4.67414618e-01 1.08594072e+00
    1.51670313e+00 1.27311742e+00 1.15192425e+00 1.34700000e+00
    1.68246794e+00 2.09783983e+00 2.18462992e+00 2.21108627e+00
    2.70494437e+00 9.41991270e-01 8.81718457e-01 8.48475754e-01</data></per_view_reprojection_errors>
<!-- a set of 6-tuples (rotation vector + translation vector) for each view -->
<extrinsic_parameters type_id="opencv-matrix">
  <rows>24</rows>
  <cols>6</cols>
  <dt>d</dt>
  <data>
    -2.3019972979795564e-01 2.7241396079963315e-01
    6.6690467802146394e-02 1.5337701829374703e+02
    -3.1901746234668465e+01 1.1260343076150148e+03
    -1.8976671505356454e-01 2.1920892145655005e-01
    1.0261722785613749e-01 1.9184791050453947e+02
    -2.0615467135648180e+02 1.0453060387313237e+03
    -1.1466029997090642e-01 -2.2744109134842871e-02
    1.9646083745366531e-02 -1.6127235323645999e+02
    -4.0717034365087528e+02 1.6043665136124635e+03
    -4.9949629084925271e-02 7.2614835771582734e-03
    -4.2885834508769117e-03 -1.5209846509206551e+02
    -3.2429124092903174e+02 1.3317284433011205e+03
    -7.4932440748215007e-02 9.5232935599859056e-02
    -1.2752331690434852e-02 4.6081989445826117e+01
    -1.9405149975241486e+02 1.3457755958831565e+03
    -6.3856231716519024e-02 1.0429683662429003e-01
    5.0404347058117270e-02 2.2903966322895880e+02
    -3.1667976866352024e+02 1.2158870277967910e+03
    -1.9238212730752210e-01 -6.5333865368481028e-02
    -2.9876587815510339e-02 -3.1070754354161943e+02
    6.3721472397143863e+01 2.1773697260471299e+03
    -2.4733537790961385e-01 -7.0641026021813158e-02
    1.4946908785978985e-02 -3.1603170156070809e+02
    -1.0815300561421206e+02 2.2862083201666969e+03
    -8.8574492987259584e-02 -9.6618591874949825e-02
    8.7758685509207027e-02 -2.0848483900528922e+02
    -4.6815865653502766e+02 1.9936330734062706e+03
    9.0938516363505979e-04 2.0467113068258572e-01 1.5326472955246155e+00
    1.0458102933156660e+02 -2.9943330245882487e+02
    1.6099397056608700e+03 -1.4453583151812638e-01
    2.2372242830957986e-01 1.5442148916617264e+00
    -6.1105973135870748e+01 -1.1502106645068741e+02
    2.1939532101918639e+03 -1.7270957884334795e-01
    3.4302540957861438e-01 1.5074839956538639e+00
    -3.1658001511778302e+01 -6.4706256849379386e+01
    2.4125873528716625e+03 -4.1838308626618900e-02
    3.3236997303804899e-01 1.5320052776386215e+00 3.0779893375159446e+02
    -9.6668303481442308e+01 2.1465643985135753e+03
    1.0553435248001927e-01 2.7624245411780424e-01 1.5746075741143386e+00
    3.2374334567893328e+02 -4.7238181864203659e+02
    1.8506783621249097e+03 7.0453208276831783e-02 3.3157970108611695e-01
    4.1697274836721782e-02 3.9900478787944294e+01
    -3.7024441917695685e+02 1.4519766756578217e+03
    3.0788753032804917e-02 3.1786916249069991e-01 2.7964898072970677e-02
    1.9729805949341483e+01 -1.3840496819503153e+02
    1.5934530891585073e+03 1.8338845959765083e-02 3.8254359916037323e-01
    1.1129751811004422e-01 3.0952316260591812e+02
    -3.3117355302432173e+02 1.4359991379992609e+03
    1.6647886650881258e-01 2.6954737248056837e-01 1.6242457174413130e+00
    4.2488106794214002e+02 -1.4064453410340309e+02
    1.7402897810386758e+03 2.0103271570786921e-01 4.1045065665442626e-01
    1.6451278859211453e+00 7.6324263183917378e+02
    -1.3399442554999243e+02 1.5750185157690557e+03
    2.5562080201610343e-01 3.5821907255534485e-01 1.7023508215797609e+00
    7.8379073944529432e+02 -3.8773308448953446e+02
    1.4209410539137382e+03 -1.8721581928012893e-01
    -1.9657325146668539e-01 -2.9191955687445453e-02
    -1.2380790683430814e+02 -2.7337702933133585e+02
    1.0485478356594672e+03 -1.3927428612515008e-01
    -1.3571172522932096e-01 6.5447136145641821e-02
    9.0961312742374730e+01 2.8527812183575328e+01 1.7377024830887510e+03
    -1.2759736310916894e-01 -1.3063612003955100e-01
    2.2748195704455524e-02 -3.6475662477379656e+00
    -2.3084688775020112e+02 1.7460374816778431e+03
    -6.6899430904277801e-02 -2.4703243780315084e-01
    1.8754928441418225e-03 -2.1589214661036488e+02
    -4.1309279536689218e+02 1.5390663806729633e+03</data></extrinsic_parameters>
